0
0.353925837
0.694412822
1.009028765
1.287246523
1.521141071
1.705819968
1.839557524
1.923640335
1.961965337
1.960456342
1.926378427
1.867630994
1.792091223
1.707062891
1.618864866
1.532572408
1.451905919
1.379247707
1.315758728
1.261563839
1.215975123
1.177726966
1.145202508
1.116637536
1.090293952
1.064599943
1.038257604
1.01032095
0.980248127
0.94793137
0.913707277
0.878348378
0.843035313
0.809307337
0.778987708
0.75408014
0.736633156
0.728571087
0.731493859
0.746452466
0.773712927
0.81252798
0.860941879
0.915658188
0.972002151
1.024006665
1.064643209
1.086205972
1.080839585
1.041179983
0.961056922
0.836188921
0.664790766
0.448013052
0.190144566
-0.101468795
-0.416802632
-0.743807161
-1.069275459
-1.379837948
-1.66297646
-1.907948484
-2.106524803
-2.253469604
-2.346726728
-2.387313214
-2.378955888
-2.327533317
-2.240401033
-2.125681403
-1.99159216
-1.845871955
-1.695341023
-1.545613772
-1.400960918
-1.264303881
-1.13731452
-1.020589022
-0.913865053
-0.816254954
-0.726473497
-0.643045127
-0.564481818
-0.489427885
-0.416771975
-0.345728886
-0.275894961
-0.207280741
-0.140323646
-0.07588199
-0.015209937
0.04008862
0.088130532
0.126852047
0.154138993
0.167990204
0.166712731
0.149142911
0.114881566
0.06452526
-0.000130749
-0.075947135
-0.158384239
-0.241564762
-0.318478517
-0.381340203
-0.422094035
-0.433038591
-0.407523969
-0.34065478
-0.229920325
-0.075670703
0.118633233
0.346447248
0.598468715
0.863242917
1.127997409
1.379620083
1.605676382
1.795355627
1.940246364
2.034864435
2.076890913
2.067114468
2.009108217
1.90869943
1.773308093
1.611235973
1.430982194
1.240646913
1.047464986
0.857490127
0.675430352
0.504619683
0.347100527
0.203785923
0.074670445
-0.040938289
-0.144190113
-0.236481001
-0.31926988
-0.393928067
-0.461621667
-0.523224634
-0.579258838
-0.629857376
-0.67474815
-0.713256124
-0.744324332
-0.766555414
-0.778276762
-0.777633068
-0.762709817
-0.731689808
-0.683041951
-0.615737273
-0.529481545
-0.424947584
-0.303983934
-0.169771392
-0.026895979
0.118692106
0.259858257
0.38861544
0.49660557
0.575707411
0.618726782
0.62010551
0.576572027
0.487651992
0.355964327
0.187246966
-0.009914028
-0.22464237
-0.444569567
-0.656793513
-0.848895738
-1.009907099
-1.131118963
-1.206658524
-1.233778985
-1.212852502
-1.147090049
-1.042042229
-0.904954795
-0.744060387
-0.567884211
-0.384628337
-0.201680194
-0.02526956
0.139721917
0.289811239
0.422848715
0.537867035
0.634876182
0.714633024
0.778409243
0.827774988
0.864409222
0.889942161
0.905830789
0.913265502
0.91310439
0.90583135
0.891534851
0.869905504
0.840252209
0.801538385
0.752441158
0.69143726
0.616919306
0.527344901
0.421418433
0.298301375
0.157841557
0.000805628
-0.170907481
-0.354099855
-0.544185752
-0.73521158
-0.920010806
-1.090509663
-1.23818407
-1.354648609
-1.432337099
-1.46521433
-1.449443658
-1.383928881
-1.270653622
-1.114758343
-0.924322804
-0.709856923
-0.483540491
-0.258286092
-0.046724095
0.139780373
0.29197315
0.403333334
0.470416651
0.492901076
0.473352757
0.416761601
0.329917645
0.220709201
0.097421952
-0.031893499
-0.159936358
-0.280524598
-0.388810696
-0.481354141
-0.556073152
-0.612105186
-0.649607776
-0.669529232
-0.673373904
-0.662980553
-0.640325919
-0.60735978
-0.5658732
-0.517398421
-0.463137103
-0.40391309
-0.340146356
-0.271846022
-0.198621927
-0.11971596
-0.03405583
0.059665071
0.162877938
0.276996202
0.403240122
0.542431672
0.694768235
0.859589723
1.035160209
1.21849096
1.405235591
1.589688642
1.764914935
1.923027788
2.055619604
2.154329358
2.211510312
2.220940809
2.178504955
2.082761965
1.93532568
1.740990519
1.507566107
1.245416942
0.966741023
0.684656262
0.412190134
0.161281597
-0.058097414
-0.238610438
-0.375953321
-0.468953903
-0.519386305
-0.531544219
-0.511641278
-0.467118622
-0.405939936
-0.335944139
-0.264308511
-0.197154152
-0.139304677
-0.094190949
-0.063881191
-0.049207799
-0.049959299
-0.065107341
-0.093043
-0.131802713
-0.179270629
-0.233350116
-0.29210202
-0.353850728
-0.417261132
-0.481390303
-0.545717346
-0.610153826
-0.675035565
-0.741094905
-0.809410997
-0.881334567
-0.958383368
-1.042105244
-1.133907893
-1.234857898
-1.345456524
-1.465405789
-1.593384759
-1.726862029
-1.861974643
-1.993504952
-2.114983848
-2.218940504
-2.297305089
-2.341952621
-2.345355069
-2.301288009
-2.205521012
-2.056411234
-1.85532039
-1.606787871
-1.318416944
-1.000463928
-0.66515762
-0.325812056
0.004175825
0.312335901
0.588033199
0.823180382
1.012686975
1.15461316
1.250033421
1.302649189
1.318215175
1.303858225
1.267369786
1.216544561
1.158621606
1.099863563
1.045288531
0.998550278
0.961948139
0.936538959
0.922319679
0.918449946
0.923488094
0.935619666
0.952864151
0.97325167
0.99496645
1.016457638
1.036520294
1.054350319
1.069576945
1.08227539
1.092960807
1.102562918
1.112379138
1.124002819
1.139222769
1.159890795
1.187755854
1.224266665
1.27034934
1.326172402
1.390918015
1.462584426
1.537849274
1.612025359
1.679138207
1.732147452
1.76332131
1.764755825
1.729009842
1.649805539
1.522726301
1.345832451
1.120114055
0.849710444
0.541848338
0.20648217
-0.144342837
-0.497347726
-0.839009717
-1.156579055
-1.439013067
-1.677729391
-1.8671054
-2.004685053
-2.091091898
-2.129681878
-2.125996835
-2.087095936
-2.020846555
-1.935249366
-1.837857219
-1.735327307
-1.63312478
-1.535376576
-1.444859001
-1.363092608
-1.290513297
-1.2266886
-1.170551641
-1.120630815
-1.075259735
-1.032758149
-0.99157988
-0.950427786
-0.908338273
-0.864739072
-0.819483986
-0.772867455
-0.725620363
-0.678886781
-0.634179744
-0.593312834
-0.558303771
-0.531246557
-0.514150353
-0.508746251
-0.516267567
-0.537214948
-0.571123956
-0.616359103
-0.669963351
-0.727594572
-0.783579077
-0.831105928
-0.862573955
-0.870086586
-0.846069239
-0.783962745
-0.678927405
-0.528479538
-0.332979148
-0.095895601
0.176201537
0.473949063
0.785780272
1.098747738
1.399496117
1.675281341
1.914926026
2.109609891
2.253416967
2.343594333
2.380514477
2.367369169
2.30965164
2.214502267
2.089999413
1.944472083
1.785897142
1.621424373
1.457051254
1.29744944
1.145928825
1.004514098
0.874103194
0.754676316
0.645527174
0.545493455
0.453169872
0.36709349
0.285896507
0.208425908
0.133832172
0.061630643
-0.008260656
-0.075503721
-0.139342052
-0.198620924
-0.251828083
-0.29715789